1 17
2 34
3 37
4 28
5 16
6 44
7 36
8 37
9 43
10 50
11 22
12 13
13 28
14 41
15 10
16 14
17 27
18 41
19 27
20 23
21 37
22 12
23 19
24 18
25 30
26 33
27 31
28 13
29 24
30 18
31 36
32 30
33 3
34 23
35 9
36 20
37 18
38 44
39 7
40 12
41 43
42 30
43 24
44 22
45 20
46 35
47 38
48 49
49 25
50 16
51 21
52 14
53 27
54 42
55 31
56 7
57 24
58 13
59 21
60 47
61 32
62 6
63 26
64 35
65 28
66 37
67 6
68 47
69 30
70 14
71 8
72 25
73 46
74 33
75 46
76 15
77 18
78 35
79 15
80 44
81 1
82 38
83 9
84 27
85 29
86 39
87 35
88 4
89 2
90 5
91 50
92 33
93 11
94 27
95 19
96 40
97 13
98 27
99 37
100 45
